0.50000         106.32
0.55000         105.93
0.60000         102.56
0.65000         106.73
0.70000         114.13
0.75000         118.48
0.80000         120.64
0.80000         120.64
0.82000         120.60
0.84000         119.89
0.86000         118.51
0.88000         116.49
0.90000         113.94
0.92000         111.74
0.94000         112.28
0.96000         114.79
0.98000         117.02
1.0000          118.52
1.0000          118.52
1.0500          120.11
1.1000          119.94
1.1500          117.72
1.2000          112.16
1.2500          108.98
1.3000          114.84
1.3500          117.67
1.4000          117.83
1.4500          116.15
1.5000          111.91
1.5500          107.47
1.6000          112.99
1.6500          116.52
1.7000          117.63
1.7500          116.39
1.8000          112.56
1.8500          107.38
1.9000          112.50
1.9500          116.43
2.0000          117.81
