0.50000         106.70
0.55000         108.86
0.60000         111.38
0.65000         114.13
0.70000         116.52
0.75000         118.60
0.80000         120.32
0.80000         120.32
0.82000         121.04
0.84000         121.56
0.86000         121.95
0.88000         122.15
0.90000         122.17
0.92000         122.12
0.94000         121.89
0.96000         121.64
0.98000         121.32
1.0000          120.99
1.0000          120.99
1.0500          120.53
1.1000          120.04
1.1500          119.51
1.2000          118.89
1.2500          118.50
1.3000          118.33
1.3500          118.14
1.4000          117.82
1.4500          117.49
1.5000          117.57
1.5500          117.53
1.6000          117.47
1.6500          117.30
1.7000          117.28
1.7500          117.37
1.8000          117.41
1.8500          117.52
1.9000          117.55
1.9500          117.68
2.0000          117.84
