0.50000         108.87
0.55000         111.49
0.60000         113.98
0.65000         116.50
0.70000         118.77
0.75000         120.93
0.80000         123.20
0.80000         123.20
0.82000         123.71
0.84000         123.96
0.86000         124.10
0.88000         124.32
0.90000         124.53
0.92000         124.65
0.94000         124.49
0.96000         124.13
0.98000         123.72
1.0000          123.45
1.0000          123.45
1.0500          123.12
1.1000          122.49
1.1500          121.77
1.2000          121.52
1.2500          121.10
1.3000          120.65
1.3500          120.65
1.4000          120.38
1.4500          120.09
1.5000          120.21
1.5500          120.07
1.6000          119.83
1.6500          119.98
1.7000          120.01
1.7500          119.91
1.8000          120.23
1.8500          120.19
1.9000          120.07
1.9500          120.45
2.0000          120.49
