0.50000         106.72
0.55000         109.11
0.60000         111.62
0.65000         114.19
0.70000         116.41
0.75000         118.63
0.80000         120.84
0.80000         120.84
0.82000         121.44
0.84000         121.74
0.86000         121.82
0.88000         121.85
0.90000         121.89
0.92000         121.97
0.94000         122.03
0.96000         121.99
0.98000         121.78
1.0000          121.41
1.0000          121.41
1.0500          120.46
1.1000          120.13
1.1500          119.86
1.2000          119.17
1.2500          118.66
1.3000          118.57
1.3500          118.35
1.4000          117.93
1.4500          117.79
1.5000          117.90
1.5500          117.82
1.6000          117.63
1.6500          117.71
1.7000          117.94
1.7500          117.90
1.8000          117.82
